ID RA DEC x y thresh flux flag
S0 10.03351515268206 41.71834190554129 152.3039838106808 1.165577675303179 30.0 387.5041809082031 2.0
S1 10.032049158726508 41.71832647928408 176.63915762946542 1.5018946730913636 30.0 653.8914184570312 2.0
S2 9.986502997688989 41.71831407931173 932.692630832314 1.362688921966697 30.0 475.32806396484375 2.0
S3 9.974701179962963 41.71828775077506 1128.6000795764232 1.775393123591944 30.0 214.2698974609375 0.0
S4 10.037388965734543 41.71830709460466 88.0 1.9554027107571268 30.0 315.3226013183594 10.0
S5 10.034897197592135 41.718328737334524 129.3625190460554 1.4643442703808853 30.0 997.1731567382812 2.0
S6 9.986756291342093 41.7182588391328 928.4890379889906 2.594463298361214 30.0 376.4116516113281 0.0
S7 9.931355348269586 41.71825243290386 1848.1305592565272 1.6958323295315312 30.0 1927.4173583984375 3.0
S8 9.926522709549314 41.71822182584111 1928.3522002815123 2.2575613013207385 30.0 2392.642822265625 2.0
S9 9.928932360555445 41.71820694596202 1888.3530649749125 2.6482759973137004 30.0 1022.44189453125 2.0
S10 9.923501890381752 41.71820711118433 1978.4975877468637 2.5081750468587827 30.0 5091.98779296875 2.0
S11 9.920891296660727 41.71802698274051 2021.8391922716826 6.446035130428514 30.0 1370.3343505859375 2.0
S12 9.95549093226641 41.717902515067856 1447.4951949779065 10.003149667255165 30.0 438.59222412109375 0.0
S13 9.921265172446276 41.717768366491384 2015.6420279034337 12.206578682968008 30.0 418.9302062988281 0.0
S14 9.922094657878151 41.71776334314124 2001.872845083771 12.33984583643607 30.0 1345.147216796875 0.0
S15 10.037419108456758 41.717829653624314 87.50213393842454 12.572240155442675 30.0 1529.3336181640625 1.0
S16 10.037151422344017 41.717804463091696 91.94581401819688 13.131401921548376 30.0 4121.80908203125 1.0
S17 10.008415159087551 41.71774914579085 568.9641022590847 14.174507881388786 30.0 2432.15234375 0.0
S18 9.921375504636956 41.717545880766885 2013.818352470343 17.156810267355887 30.0 522.2113037109375 0.0
S19 9.94633013622747 41.71753648651486 1599.573415072649 17.955895620158834 30.0 305.1393127441406 0.0
S20 9.928023035233887 41.717828393179865 1903.4603165319959 11.043604745240318 30.0 21538.771484375 1.0
S21 9.926858201243277 41.717653833843464 1922.802293179955 14.896245255433861 30.0 5696.2783203125 1.0
S22 9.926541519087378 41.71785857039543 1928.052259256048 10.335646947066147 30.0 977.2872314453125 1.0
S23 9.924697315177447 41.71820626265438 1958.653845298957 2.5575636256043897 30.0 2810.00341796875 3.0
S24 9.924362803598452 41.71778653951286 1964.2210988877137 11.88232242031437 30.0 1795.0029296875 1.0
S25 9.923928887047534 41.71821505337994 1971.4092689349216 2.3424997192524004 30.0 2021.2998046875 3.0
S26 9.924103866883115 41.71794224253925 1968.5140487432293 8.413391677585803 30.0 1397.2493896484375 1.0
S27 9.923820377718723 41.71770859428239 1973.227992759695 13.60172033515355 30.0 3507.2939453125 1.0
S28 9.921572575143838 41.71718742745121 2010.5595843724159 25.132771905915302 30.0 679.9461669921875 0.0
S29 9.922097948776726 41.71691881178107 2001.8477645975267 31.11954915508776 30.0 1453.796875 0.0
S30 9.921413816997916 41.716828813749736 2013.2075846627108 33.10303587528429 30.0 581.1533203125 0.0
S31 9.923526776750855 41.716794868425275 1978.1333699065235 33.91247781041286 30.0 379.11956787109375 0.0
S32 9.92271643609419 41.71678667025902 1991.5854161664292 34.07393696208363 30.0 681.9942626953125 0.0
S33 9.921073708127569 41.716426950531854 2018.867600023667 42.03029022691381 30.0 938.234130859375 0.0
S34 9.924307657604757 41.71635106281691 1965.1859205396238 43.801228020162085 30.0 878.2733154296875 0.0
S35 9.922806965972724 41.71617825849656 1990.1037836277712 47.60536094991405 30.0 594.9175415039062 0.0
S36 9.922246085636525 41.71603106204372 1999.4197042605017 50.86403932167441 30.0 673.3602294921875 0.0
S37 9.940369435510457 41.716007352410706 1698.566930604981 51.828779464605255 30.0 925.0239868164062 0.0
S38 9.923867333276515 41.71587023341819 1972.5120156080823 54.48205963707521 30.0 622.4309692382812 0.0
S39 9.920973963723764 41.71578219181479 2020.5461252364032 56.36501134582359 30.0 3782.9462890625 3.0
S40 9.921204006692982 41.71519000129073 2016.7481774813446 69.53939975209411 30.0 1075.59130859375 1.0
S41 9.931269165525391 41.714831242006326 1849.6727724825992 77.76985547875601 30.0 560.7852783203125 0.0
S42 10.040896857623336 41.71719022965809 29.77482025929088 26.80258765643832 30.0 24313.826171875 1.0
S43 10.041331805307761 41.717320439362304 22.554137537880013 23.908442549523812 30.0 126619.28125 1.0
S44 10.040498490867153 41.716109773176015 36.392497162696074 50.82719002797663 30.0 22989.9375 1.0
S45 10.039823860537332 41.715691820712394 47.59347671914733 60.118956370037694 30.0 14697.9599609375 1.0
S46 10.038991437537936 41.718208179000854 61.39989814306176 4.160629073988897 30.0 44409.703125 3.0
S47 10.042104963083162 41.71581130662155 9.72580040730066 57.46882732243684 30.0 74078.7265625 3.0
S48 10.042046237091437 41.71822594126939 10.690940290923848 3.7750855126396305 30.0 34747.74609375 3.0
S49 10.039101215684445 41.715132886340285 59.59234231901395 72.54545017738009 30.0 18475.6015625 1.0
S50 9.92117569152259 41.71452174021644 2017.2417645989817 84.39860292930472 30.0 405.0854797363281 0.0
S51 9.922182629741584 41.71460503530341 2000.5229548748255 82.57256992387957 30.0 1724.296630859375 0.0
S52 10.042325604588202 41.71460671198408 6.067840298880998 84.25568061548361 30.0 763.8834228515625 1.0
S53 10.042601394760172 41.714384466214526 1.4904020658836457 89.1984475256157 30.0 690.9593505859375 3.0
S54 9.931251702350528 41.71358423603541 1850.0033558922414 105.49876922673847 30.0 210.9935302734375 0.0
S55 10.04220419267708 41.71369106521174 8.087013038367942 104.61633505647151 30.0 6831.646484375 1.0
S56 10.042548366993922 41.71345592839662 2.374324039694474 109.84594782413879 30.0 529.5759887695312 1.0
S57 9.922291739903812 41.71316388194001 1998.7620004944822 114.62193403058008 30.0 238.50347900390625 0.0
S58 10.042049654836763 41.71329410370167 10.654081270811272 113.44303091550464 30.0 714.622802734375 0.0
S59 9.986660987223182 41.71326028675507 930.1626584268025 113.74463462968124 30.0 1284.2763671875 0.0
S60 9.925870423152455 41.716876638206145 1939.2257537005314 32.15374920613943 30.0 23404.390625 1.0
S61 9.925211122759965 41.71610073133657 1950.1967354085411 49.39073308327129 30.0 15285.77734375 1.0
S62 9.92403432664474 41.71525392854947 1969.7611190558455 68.19093374579813 30.0 14715.5908203125 1.0
S63 9.923188334939347 41.71465803282623 1983.8257093432624 81.42002855362422 30.0 10480.6982421875 1.0
S64 9.922014699323304 41.713654208949215 2003.344004188698 103.71148756109407 30.0 8926.2802734375 1.0
S65 9.925138541065754 41.71673775478868 1951.379825992132 35.223575366377126 30.0 11017.470703125 1.0
S66 9.922625738223836 41.715109271929464 1993.1494723498035 71.37145319108608 30.0 7126.25732421875 1.0
S67 9.92556264619662 41.71763894414299 1944.3088950219603 15.19479434382817 30.0 4462.51953125 1.0
S68 9.921156978405302 41.71303926620525 2017.6046438532092 117.36349004942208 30.0 5123.21875 3.0
S69 10.02171416640733 41.71266298088269 348.2496041178383 127.38049346138916 30.0 841.5537719726562 0.0
S70 10.040191728388173 41.71227456309371 41.50213585778886 136.1087568663922 30.0 420.0343017578125 0.0
S71 9.92771253713547 41.71192112748654 1908.8126626842013 142.39418071162316 30.0 170.82757568359375 0.0
S72 9.971378443900969 41.71120155733908 1183.9144022297928 159.2956719042334 30.0 735.9322509765625 0.0
S73 9.94679482601358 41.71088672612217 1592.0498704040103 165.83467011956463 30.0 264.8895263671875 0.0
S74 10.014250132550764 41.71070122494258 472.1833134754932 170.94805125597455 30.0 948.6019897460938 0.0
S75 9.948757664757913 41.70914937086882 1559.5123470659541 204.5089179072674 30.0 391.3975830078125 0.0
S76 9.92183591488752 41.70881346722416 2006.4816869526771 211.34911239997766 30.0 222.13682556152344 0.0
S77 9.946259547999693 41.70845843080818 1601.0061847939883 219.8206592847963 30.0 364.5954895019531 0.0
S78 9.951494489078673 41.70657203196804 1514.1459525165155 261.8766375781487 30.0 322.7146911621094 0.0
S79 9.941182727756175 41.70606367313002 1685.364939984395 272.96182243584434 30.0 563.3402709960938 0.0
S80 9.929041910191948 41.70557718981184 1886.9538161919572 283.49543945680176 30.0 251.18112182617188 0.0
S81 10.025592216172935 41.70436344467437 283.9381219353586 311.9595820394521 30.0 78283.4375 0.0
S82 9.953139775400471 41.70116968707818 1486.9753945926545 382.04014731264033 30.0 272.6496276855469 0.0
S83 9.947174187685688 41.70087836203281 1586.037237339715 388.3959283373464 30.0 18704.408203125 0.0
S84 10.02400560277258 41.70080835396019 310.3120478782235 391.0034421056113 30.0 3981.803955078125 0.0
S85 9.949606397030266 41.70035116493405 1545.6669777906711 400.1697689565319 30.0 4363.876953125 0.0
S86 9.949736937002447 41.6999085256346 1543.5117738332672 410.01530575223154 30.0 1930.4267578125 1.0
S87 9.949483808801324 41.699950314830836 1547.7136690868656 409.08083351731545 30.0 15528.92578125 1.0
S88 10.012597780507738 41.69991690806462 499.74056680709765 410.7421956275706 30.0 881.7125854492188 1.0
S89 10.012625501903402 41.69972429963766 499.28250670923546 415.0254103684312 30.0 1163.0814208984375 1.0
S90 10.0123613321928 41.69972879273983 503.6688639056896 414.923255673909 30.0 2587.47998046875 1.0
S91 9.931795954975993 41.69955099664677 1841.4241059007688 417.5651964609818 30.0 587.063232421875 0.0
S92 9.931955215316021 41.698880721392285 1838.8014012787492 432.4737494541732 30.0 888.4148559570312 0.0
S93 9.978966641452546 41.69862008031958 1058.1940369118363 439.1855236619619 30.0 234.03189086914062 0.0
S94 9.996426305423679 41.69864687831305 768.2793384287814 438.82131569007225 30.0 2173.36328125 0.0
S95 9.969183127808355 41.6986686201728 1220.6462685454396 437.9506389511555 30.0 6079.3759765625 0.0
S96 9.99636598983387 41.69820357905688 769.287879416042 448.67813854008205 30.0 4034.55029296875 0.0
S97 9.998524905538968 41.697694448473264 733.447052382579 460.0241253015627 30.0 701.6073608398438 0.0
S98 10.016790383590953 41.6972180117298 430.15310861462495 470.7906188303034 30.0 816.3449096679688 0.0
S99 9.993275367361171 41.696146513056945 820.6415678639836 494.3837730748049 30.0 1241.223388671875 0.0
S100 10.010082951099909 41.695856262835214 541.5478273808969 501.0157215490242 30.0 2561.68310546875 0.0
S101 10.016443165063958 41.69542823006371 435.9377686266189 510.5868221156168 30.0 451.33197021484375 0.0
S102 9.939831742449783 41.69539054331291 1708.1197824597207 510.2670487186647 30.0 706.20166015625 0.0
S103 10.009602247376765 41.69526866966863 549.5374477238149 514.0775397568992 30.0 31302.482421875 0.0
S104 9.9260879874798 41.69470676004119 1936.367000807217 525.1447548845214 30.0 8922.0166015625 0.0
S105 9.94008126861545 41.69388862428175 1704.02181628584 543.6704126393217 30.0 4678.22802734375 0.0
S106 10.026878061018621 41.693428072319676 262.6757195854481 555.1339247841586 30.0 380.9127197265625 0.0
S107 9.95084700829729 41.693361782516824 1525.2600974179063 555.6161492890901 30.0 644.5523071289062 0.0
S108 10.017900712245433 41.69257279007631 411.7635936020056 574.0935025172839 30.0 1959.9176025390625 0.0
S109 10.023357938434314 41.69201420591854 321.1438803110316 586.5523560439628 30.0 2643.568359375 0.0
S110 9.932364602626123 41.69182978652196 1832.2316389616706 589.2732501922701 30.0 2225.52099609375 0.0
S111 10.012679403655175 41.691186248840545 498.4866197534804 604.8841164972016 30.0 2118.973388671875 0.0
S112 9.953882740743452 41.690915082690836 1474.9137471694899 610.0836900394914 30.0 3937.42724609375 0.0
S113 9.936503978336267 41.6909082648982 1763.5196243568653 609.8622978341889 30.0 1607.142822265625 0.0
S114 9.950398980527703 41.690618672198646 1532.7760608028902 616.6047814927012 30.0 213.39112854003906 0.0
S115 10.01508711115191 41.69025634963435 458.51271926491626 625.581821009701 30.0 2074.07958984375 0.0
S116 9.92452730720271 41.6897885447124 1962.4523850653459 634.4702660625558 30.0 390.63116455078125 0.0
S117 10.016111971618857 41.6895876508194 441.50007612419 640.459576462472 30.0 647.3533935546875 0.0
S118 10.0136786955558 41.68966179609356 481.90896672329245 638.7912965614704 30.0 4493.33251953125 0.0
S119 10.015264462778942 41.688269479827106 455.5891900100598 669.7647010738248 30.0 812.5250854492188 0.0
S120 10.015618268881349 41.6881668623424 449.7144792092296 672.0493800647522 30.0 419.9256591796875 0.0
S121 9.962814745261271 41.68773971021997 1326.6594837717685 680.8626151230702 30.0 338.3606262207031 0.0
S122 10.01600749982702 41.687492956619984 443.25757264333595 687.0378878039745 30.0 982.6398315429688 0.0
S123 9.935986769935015 41.68675598383678 1772.2391982866816 702.1834218347312 30.0 1071.187255859375 0.0
S124 10.0246130218142 41.686726581270044 300.34643736603124 704.1396567556793 30.0 721.7210083007812 0.0
S125 10.015550726394371 41.68671088224404 450.85201560584255 704.4250670565834 30.0 459.46697998046875 0.0
S126 9.950190083816198 41.68656465995485 1536.357630224483 706.7484407044197 30.0 1432.9869384765625 0.0
S127 10.015758759780288 41.68646936989574 447.3996356315577 709.7971486937147 30.0 531.4091186523438 0.0
S128 10.004043129320376 41.686489382193194 641.9717928399932 709.2468191195946 30.0 4239.81884765625 0.0
S129 10.015095891444377 41.68629311513637 458.4104461629803 713.7112232357769 30.0 361.5088195800781 0.0
S130 10.039905487981287 41.68594740473915 46.37475499349159 721.5375575394459 30.0 1357.755859375 0.0
S131 9.999843059845304 41.68587771134093 711.7353853708204 722.804171283748 30.0 1397.8427734375 0.0
S132 10.015720049088014 41.68555661144389 448.05242099233135 730.0935971993883 30.0 1537.0885009765625 0.0
S133 10.024454012418847 41.68545119503064 302.99817574641907 732.499080920791 30.0 336.0478820800781 0.0
S134 9.982433642727049 41.68546341156048 1000.8806074494639 731.7973684063013 30.0 16557.857421875 0.0
S135 9.9262165329357 41.68539713092832 1934.5482216751077 732.1636220223106 30.0 109223.5546875 0.0
S136 10.016510549932136 41.68465887491243 434.9331832099117 750.0624714078131 30.0 956.0650634765625 0.0
S137 10.041112957669862 41.68419368181071 26.328506840711952 760.5383324196429 30.0 2228.469482421875 0.0
S138 9.940894499353476 41.68408017686452 1690.8128684925982 761.796314501439 30.0 264.85601806640625 0.0
S139 10.015752092170585 41.68354032972051 447.54205380065747 774.9293383820728 30.0 918.8524169921875 0.0
S140 10.013252925563778 41.683395125207134 489.0516038078463 778.1379598098416 30.0 2247.5146484375 0.0
S141 10.03462162329597 41.68334719001385 134.1450053311756 779.3381685386026 30.0 2267.615966796875 0.0
S142 10.015624018197181 41.682757199378145 449.6776917009029 792.3425787604698 30.0 812.4428100585938 0.0
S143 10.027581268090808 41.682511637535946 251.08292006573177 797.8835921721288 30.0 2826.851806640625 0.0
S144 10.013538757450398 41.6819250034371 484.32104144560236 810.8310205556221 30.0 725.4996948242188 0.0
S145 10.01606463752833 41.68183298005331 442.3694149942242 812.8976398656653 30.0 687.6987915039062 0.0
S146 10.015650288769097 41.68152095748563 449.2547712887921 819.8327485876772 30.0 753.6622924804688 0.0
S147 10.015025355835387 41.681064548787035 459.63943737212435 829.9768170729766 30.0 599.374755859375 0.0
S148 10.010649436776069 41.68089916265426 532.3225279114447 833.6175998593637 30.0 942.8768310546875 0.0
S149 10.016475675633496 41.68039878478198 435.5576747198441 844.7926265334883 30.0 701.2021484375 0.0
S150 10.01527612105431 41.68034529997808 455.48226349403564 845.9725507342965 30.0 390.5709533691406 0.0
S151 10.015223990577974 41.68011227006664 456.35067785119037 851.1539563017216 30.0 560.095458984375 0.0
S152 10.012825923568554 41.68002946901987 496.1825114944967 852.9755278291184 30.0 2134.248046875 0.0
S153 10.010124315023912 41.68013766145575 541.0538139941417 850.5462158178556 30.0 5011.65771484375 0.0
S154 9.924989546917727 41.679532148709356 1955.1271152797071 862.5506290236007 30.0 1315.264404296875 0.0
S155 10.010937276064837 41.6792849555529 527.5611642937632 869.5148063194684 30.0 2618.67236328125 0.0
S156 10.016130856063656 41.67886152527158 441.3014339041665 878.9735586148975 30.0 572.8351440429688 0.0
S157 10.015408394496099 41.67853392881744 453.30501969717324 886.2525510349113 30.0 911.13623046875 0.0
S158 9.98808948309942 41.67843483489081 907.0734931248704 888.1675560090665 30.0 1100.0076904296875 0.0
S159 10.016366990037646 41.678264990087726 437.3856305697872 892.240377209852 30.0 1406.9713134765625 0.0
S160 10.015016495590444 41.67810759572662 459.81914633580425 895.7296778938419 30.0 1177.44873046875 0.0
S161 10.01568324405072 41.67800215069167 448.7455349031657 898.079723103102 30.0 1232.5010986328125 0.0
S162 9.978908377939101 41.67777011254287 1059.5852791983339 902.819540657234 30.0 2085.904541015625 0.0
S163 9.93821860405091 41.677760725830744 1735.450466362406 902.2598406874829 30.0 1086.611328125 0.0
S164 10.005180170854636 41.6775075559705 623.2095469748646 908.9845400077282 30.0 432.96466064453125 0.0
S165 10.015951200511282 41.677166019923504 444.3037472307491 916.6746305790796 30.0 767.4656372070312 0.0
S166 10.015205677849632 41.67706070051884 456.6882831509862 919.0107022004674 30.0 499.4688720703125 0.0
S167 10.013110898177176 41.676946331504894 491.48464945333336 921.5367809441719 30.0 542.6673583984375 0.0
S168 9.98240313683442 41.67699450115924 1001.5517525863543 920.1177097538738 30.0 5330.6708984375 0.0
S169 10.01640919058594 41.67648433805376 436.70363630169805 931.83656106449 30.0 1479.6942138671875 0.0
S170 10.015967807821404 41.67629377498876 444.03728059983285 936.0706251672178 30.0 589.4344482421875 0.0
S171 10.01191358700992 41.67603207969793 511.3832533702322 941.856579588282 30.0 901.7911987304688 0.0
S172 10.015664128833755 41.675932397482825 449.0854761164267 944.1040910753416 30.0 817.740478515625 0.0
S173 9.986788902847152 41.67591171184224 928.7222992909832 944.2562095562818 30.0 3416.932861328125 0.0
S174 10.013165454008988 41.67570200189884 490.5927460374854 949.2070439506546 30.0 907.9802856445312 0.0
S175 9.98698928253686 41.67564500394485 925.3987244695611 950.18960808861 30.0 2177.494873046875 0.0
S176 10.011882410256542 41.675550243502016 511.9068120029373 952.5707669440874 30.0 463.4566955566406 0.0
S177 9.972789381257517 41.67580429425468 1161.2660132620845 946.43771794969 30.0 77232.765625 0.0
S178 10.013458054749568 41.67547174200099 485.73506584132116 954.3297064468835 30.0 4502.88623046875 0.0
S179 10.012041845839569 41.6753903198424 509.26034987775347 956.1283142300092 30.0 1133.9246826171875 0.0
S180 9.93839431500639 41.67533900960254 1732.6064168013816 956.114870997844 30.0 1035.08740234375 0.0
S181 10.01593405855539 41.67498387748211 444.611982268966 965.1981826519582 30.0 479.2795104980469 0.0
S182 10.01543719692105 41.674766343973054 452.8676714389144 970.0315012433167 30.0 539.1810913085938 0.0
S183 10.01617622522771 41.6746883020643 440.5925409564585 971.7726996647353 30.0 292.80841064453125 0.0
S184 10.016193373824953 41.6737571039817 440.31765259372963 992.4796222907826 30.0 307.73101806640625 0.0
S185 10.015033870243686 41.67367552151157 459.5793142751102 994.2846016501105 30.0 302.12420654296875 0.0
S186 10.013473527536965 41.674115757916354 485.49351573079105 984.4824706874901 30.0 1732.8248291015625 1.0
S187 10.013811467289639 41.67383976379733 479.8830804405228 990.6224684142009 30.0 4569.5390625 1.0
S188 10.012237441700593 41.67351805112244 506.0332975288156 997.7630998614989 30.0 461.58905029296875 0.0
S189 10.019577334482893 41.67345577104189 384.1089147687976 999.2054914160358 30.0 2515.128173828125 0.0
S190 10.013124658844218 41.67328945644165 491.2981148942211 1002.8537958569519 30.0 992.8662719726562 0.0
S191 10.014370909466766 41.67317793365188 470.59747244754817 1005.3439762425207 30.0 1246.174560546875 0.0
S192 10.014484062730372 41.672807478312336 468.7219706420403 1013.5826057065195 30.0 982.5289306640625 0.0
S193 10.003642621815509 41.67255941696839 648.817606638235 1018.9994628077715 30.0 1370.5831298828125 0.0
S194 10.015140115191056 41.67243535481674 457.82806484596034 1021.8626877750235 30.0 670.9427490234375 0.0
S195 10.015280873943814 41.67220350643399 455.49237888249576 1027.0193562618351 30.0 307.90985107421875 0.0
S196 9.960856925394777 41.67204400433981 1359.5663527597123 1029.8478807693775 30.0 1656.0301513671875 0.0
S197 10.010343999006745 41.672023708745165 537.5040498627235 1030.975855528152 30.0 294.3742370605469 0.0
S198 10.00976202347111 41.67165958766904 547.1761332174187 1039.0674984664602 30.0 1064.7708740234375 0.0
S199 9.99864290304461 41.6717658925458 731.8826541693918 1036.5914551275223 30.0 9823.962890625 0.0
S200 10.01835670002884 41.67150982734713 404.4049724606409 1042.4680525756091 30.0 3954.6943359375 0.0
S201 10.016185985325457 41.671347213381544 440.4661820769249 1046.0676228439172 30.0 635.3460693359375 0.0
S202 9.921975854876923 41.67110928251889 2005.478739113153 1049.770263858572 30.0 268.41973876953125 0.0
S203 9.921059018454882 41.670712704893866 2020.7231358387342 1058.5649891459132 30.0 253.58682250976562 0.0
S204 10.024800068860982 41.67076750400759 297.37534483136284 1059.018309955225 30.0 6056.80517578125 0.0
S205 10.014961862868322 41.670274869063675 460.8129236778352 1069.9033751224727 30.0 385.6905822753906 0.0
S206 10.016479155555464 41.66960290660415 435.61462639747685 1084.8575533471148 30.0 265.6310119628906 0.0
S207 9.943193058722304 41.669560507481705 1653.06604840947 1084.7168646270209 30.0 617.4146728515625 0.0
S208 10.010147049717919 41.670434299571234 540.7951967525265 1066.317341973113 30.0 9319.2744140625 1.0
S209 10.010353606910158 41.67004022704315 537.3686651019937 1075.08206476432 30.0 4395.9912109375 1.0
S210 10.010464874549001 41.66980528217949 535.5231295161999 1080.3074568901038 30.0 1126.92724609375 1.0
S211 10.010332529325241 41.669564166043685 537.7246249800634 1085.6679114191045 30.0 1775.4161376953125 1.0
S212 10.009869964911008 41.671097349935316 545.3899713398641 1051.5707926506616 30.0 4585.5439453125 1.0
S213 9.999508268264456 41.66927604585125 717.5448098875964 1091.9670597910024 30.0 7094.0595703125 0.0
S214 10.015951975505248 41.66885059031946 444.38039197550063 1101.582501060174 30.0 633.132080078125 0.0
S215 10.015532924274318 41.66856037431235 451.3450286325493 1108.03265729913 30.0 800.3828735351562 0.0
S216 10.015178621527006 41.668454709640955 457.23206178260904 1110.379480226197 30.0 284.8668518066406 0.0
S217 10.016252394824344 41.66842508532648 439.3942291345837 1111.046677426502 30.0 674.1004028320312 0.0
S218 10.010836017233476 41.66863087868438 529.3718129919387 1106.425619549028 30.0 7577.4150390625 1.0
S219 10.010937052418962 41.66841207773819 527.6960006532511 1111.2919236777368 30.0 2813.226806640625 1.0
S220 9.929400603030713 41.66822071385677 1882.235033718896 1114.1898210436611 30.0 1002.3804931640625 0.0
S221 10.015057996291523 41.6681188137267 459.23965216501074 1117.8477400031943 30.0 269.9809265136719 0.0
S222 10.0163266463387 41.6680779201567 438.1644227890452 1118.7670676487487 30.0 270.994873046875 0.0
S223 9.988573610833877 41.66806717181032 899.2169930607542 1118.7167248471417 30.0 3508.789794921875 0.0
S224 10.015712845065853 41.66784887950097 448.36378757507555 1123.8553861455237 30.0 347.20086669921875 0.0
S225 10.01523939735044 41.6676847246103 456.23084898232867 1127.5019047759722 30.0 440.5235900878906 0.0
S226 10.015933141229329 41.667538026240976 444.70741250180055 1130.7694715669022 30.0 594.3319091796875 0.0
S227 10.01640486409154 41.666837497290736 436.87822466008186 1146.3506075153082 30.0 848.187744140625 0.0
S228 10.015739586541228 41.66678546849979 447.93104455667407 1147.5023676823882 30.0 701.2978515625 0.0
S229 9.974031322564151 41.66601076496955 1140.847892696466 1164.2335748020582 30.0 6340.7470703125 0.0
S230 10.042279083971364 41.66551623875644 7.035035146434657 1175.866714945783 30.0 51470.40625 0.0
S231 10.010643049859937 41.66482852703962 532.6236340733096 1190.9757396986379 30.0 2241.316650390625 0.0
S232 10.015910783845671 41.66475473276373 445.1088241399535 1192.6606107069495 30.0 448.16973876953125 0.0
S233 10.042683955019836 41.66445968408131 0.3128589604925944 1199.3621219704758 30.0 802.0643310546875 2.0
S234 10.033413075959485 41.664240821917886 154.33703687125404 1204.195850344552 30.0 888.8864135742188 0.0
S235 10.013297070359027 41.663808530161994 488.5426899146471 1213.6799244112933 30.0 6525.580078125 0.0
S236 10.013620834081495 41.66314774479074 483.1712606057627 1228.3763116687157 30.0 1585.001708984375 0.0
S237 10.032830667971322 41.66291811796474 164.02144882182074 1233.6058177069178 30.0 2874.0185546875 0.0
S238 10.00285641536172 41.66319274175852 662.0101872536281 1227.2755076020285 30.0 6360.8857421875 0.0
S239 9.943784607192361 41.66271242666785 1643.4403280999368 1237.008613699345 30.0 1212.3665771484375 0.0
S240 10.015959666679738 41.66229506781273 444.3231812871619 1247.3558719602745 30.0 318.6560974121094 0.0
S241 10.022328118093247 41.66205295743901 338.51883192801256 1252.7855186037737 30.0 4789.236328125 0.0
S242 10.014365611708026 41.66190943237347 470.81139714393214 1255.918425283353 30.0 3973.7568359375 0.0
S243 9.953193014490031 41.66123716506887 1487.168078187687 1270.0095354877492 30.0 208.95301818847656 0.0
S244 10.016543976911278 41.660703010674126 434.63224518629767 1282.7625376052 30.0 305.2846984863281 0.0
S245 10.012099608823755 41.660200487328154 508.4794853475372 1293.9008411216455 30.0 435.2679443359375 0.0
S246 9.924833480474406 41.65980298487269 1958.395684343706 1301.2585899339376 30.0 884.0321044921875 0.0
S247 9.997425465968943 41.65975891464445 752.2930602225143 1303.5735186150246 30.0 745.4454345703125 0.0
S248 10.019217134467892 41.65931404973737 390.23262495023164 1313.6683928423186 30.0 11362.689453125 0.0
S249 10.01010804393727 41.65896882369556 541.5838848364608 1321.2715582101505 30.0 1702.0797119140625 0.0
S250 9.948644358311572 41.65881924151892 1562.8095730933896 1323.6836268617287 30.0 257.97222900390625 0.0
S251 9.990793343948683 41.65899984030167 862.4977470501148 1320.3730352991881 30.0 7660.8955078125 0.0
S252 10.010161260021397 41.658685947187884 540.703165843458 1327.562279930107 30.0 790.2591552734375 0.0
S253 10.01506430817142 41.65846299473749 459.24095433890676 1332.5615260884042 30.0 212.09751892089844 0.0
S254 10.009838490201874 41.65851702712426 546.0681055444308 1331.3156126163137 30.0 1849.639404296875 0.0
S255 10.036979795894828 41.658256434468534 95.11267286143628 1337.2836723801504 30.0 1574.122314453125 0.0
S256 9.936173532660517 41.65816651206725 1770.0338824492899 1337.9238592405825 30.0 5114.474609375 0.0
S257 9.942462684258524 41.65742530902911 1665.5600577801317 1354.5478792825916 30.0 1245.4671630859375 0.0
S258 9.941919403435971 41.657023552739105 1674.598912162192 1363.4696485687948 30.0 2404.93994140625 0.0
S259 9.94251661196396 41.65673917433281 1664.6844152792307 1369.8064514575956 30.0 14418.54296875 0.0
S260 9.943325635051407 41.65672730469917 1651.2423430498702 1370.0881100123 30.0 5413.99267578125 0.0
S261 10.01517559263081 41.65643367108155 457.414197709228 1377.687917332193 30.0 471.8692932128906 0.0
S262 9.94201489263857 41.656394168049815 1673.0310919505314 1377.4672099015054 30.0 2146.330078125 0.0
S263 9.977711766491286 41.65578105397248 1079.914948848761 1391.766020863067 30.0 4078.184326171875 0.0
S264 10.013988927585608 41.65505548585567 477.1469870350136 1408.3246402286072 30.0 452.2771301269531 0.0
S265 9.923078973948128 41.65491340045063 1987.7163641055236 1409.9420912798844 30.0 644.4795532226562 0.0
S266 10.017125693533242 41.65490042816337 425.0279736668968 1411.7973942946735 30.0 914.51904296875 1.0
S267 10.017333417246046 41.65479227419271 421.5775451309562 1414.2039579789794 30.0 587.3914794921875 1.0
S268 10.040892930915394 41.65484484432162 30.1098593018896 1413.1595307530736 30.0 12440.6044921875 0.0
S269 10.032476482541577 41.654604163434584 169.95993508375537 1418.4792683110513 30.0 268.3697509765625 0.0
S270 10.013316778753133 41.65444992831097 488.3223713879494 1421.7846980166382 30.0 1284.63623046875 0.0
S271 10.04120419331136 41.65404031958397 24.941311241549904 1431.0504530042328 30.0 571.383056640625 0.0
S272 9.96115561939944 41.653913293828175 1355.0561343433556 1433.02092059121 30.0 1022.2644653320312 0.0
S273 9.931736706593218 41.65364444683535 1843.899856905267 1438.3749429525067 30.0 3426.360107421875 0.0
S274 10.012591518923031 41.65371316334765 500.38200334539926 1438.1618420074713 30.0 1335.527099609375 1.0
S275 10.01253578389907 41.65355882746966 501.3099157200942 1441.593293492259 30.0 909.1577758789062 1.0
S276 10.012872583714628 41.65391810976356 495.70935226469925 1433.6068790165073 30.0 798.1848754882812 1.0
S277 10.027388575718694 41.65328905043965 254.51167415531606 1447.6969731631023 30.0 549.3295288085938 0.0
S278 10.014939786525284 41.653422789423566 461.36547748713036 1444.6381675019602 30.0 992.2454223632812 1.0
S279 9.980547618198978 41.65305140967809 1032.8491597598231 1452.506673180091 30.0 8267.1845703125 0.0
S280 10.011589980676426 41.65288800432488 517.0337644510558 1456.5020924813193 30.0 2842.61669921875 0.0
S281 9.929373436623145 41.652496179340375 1883.2069761514615 1463.8512653056591 30.0 1389.9798583984375 0.0
S282 10.010832886990308 41.65231728594826 529.6209868980015 1469.1863833197235 30.0 1448.6363525390625 0.0
S283 10.009892350385268 41.652012006969294 545.2534118417364 1475.9664155142948 30.0 1133.695068359375 0.0
S284 10.010607165764222 41.65187714143307 533.3770853539874 1478.9717609589334 30.0 1094.7894287109375 0.0
S285 10.011474321129455 41.65136036931517 518.9738438362293 1490.470684018771 30.0 3396.58203125 0.0
S286 10.014878993754218 41.65145764975406 462.3973377636758 1488.335943882061 30.0 418.3811340332031 1.0
S287 10.01027261089658 41.651411863169564 538.9420285868044 1489.315051562952 30.0 1994.5556640625 1.0
S288 10.009911881302498 41.65132133110205 544.9373819010649 1491.3249584023256 30.0 3767.579345703125 1.0
S289 9.94878224446219 41.651117737619856 1560.7350005688077 1494.942698489235 30.0 1173.096923828125 0.0
S290 10.021974656532418 41.65021305237066 344.50038177612834 1516.0638397375683 30.0 287.5252990722656 0.0
S291 10.034262287004793 41.64975445244333 140.31601689486945 1526.3289208400583 30.0 5108.28173828125 0.0
S292 9.990262333144486 41.64909848154559 871.4927435212753 1540.540036616079 30.0 781.1361694335938 0.0
S293 9.921743414493298 41.64886156322631 2010.1204479621813 1544.4806057502221 30.0 1909.586669921875 0.0
S294 10.013861555575655 41.64878357639325 479.3343081387445 1547.7903012792508 30.0 8849.94921875 0.0
S295 9.958580170784952 41.64853779049191 1397.9881445696153 1552.5065134846243 30.0 313.0291442871094 1.0
S296 9.958875740134944 41.648312131253675 1393.0822048759076 1557.5300078782382 30.0 441.7436828613281 0.0
S297 9.991361859942158 41.64834126953001 853.2342229854444 1557.391880287185 30.0 730.6458740234375 1.0
S298 9.991425150079236 41.648201803743184 852.1848657281273 1560.4939371323119 30.0 1092.50537109375 1.0
S299 10.014900461202691 41.64788932354068 462.07999608651966 1567.6839970544872 30.0 495.2430419921875 0.0
S300 9.980699979264042 41.64744984806539 1030.4287073250853 1577.0692762491062 30.0 5975.373046875 0.0
S301 10.027262506046554 41.64666792735274 256.65846110822315 1594.9283418670482 30.0 479.1942138671875 0.0
S302 10.034393580227878 41.646489178302616 138.1538741519386 1598.9384814927537 30.0 1780.2425537109375 0.0
S303 10.01487900272719 41.64639213187151 462.4531229505478 1600.976462300633 30.0 304.26434326171875 0.0
S304 9.986046118948389 41.64615572070256 941.6104264361089 1605.9218228043846 30.0 8270.5810546875 0.0
S305 10.012138477384124 41.64600507065267 508.00048364582824 1609.56070452422 30.0 706.546875 0.0
S306 10.014945905919646 41.64545135327501 461.3516790754547 1621.8968333343387 30.0 461.7578125 0.0
S307 9.928855035644517 41.64540140910833 1892.056957108851 1621.6029932009315 30.0 734.9766235351562 0.0
S308 10.016471906066892 41.64399318533785 436.00731554637304 1654.333722723874 30.0 8498.0634765625 0.0
S309 9.99287694848902 41.64358487231138 828.1363473597552 1663.1773866047743 30.0 763.083251953125 0.0
S310 9.934294787068204 41.64351508068713 1801.7162202230513 1663.679780530984 30.0 2720.638427734375 0.0
S311 10.018691643529493 41.64341193126792 399.12357337738837 1667.2755789639398 30.0 15694.783203125 0.0
S312 9.951241310404288 41.64308942453379 1520.0930321968506 1673.5165801534836 30.0 561.2352294921875 0.0
S313 10.014915533840977 41.64284004131022 461.8852280263166 1679.9636157132054 30.0 1175.208251953125 0.0
S314 10.02266592986867 41.64265341213995 333.08157356906577 1684.170033617834 30.0 6603.0146484375 0.0
S315 10.021124369567309 41.642432994567955 358.7032168066581 1689.0611037399997 30.0 20676.876953125 0.0
S316 10.014923842362034 41.64228851794093 461.7532307260121 1692.227756232506 30.0 1214.239501953125 0.0
S317 10.01155539341254 41.642206521911405 517.7355962046664 1694.0229650974827 30.0 978.6376953125 0.0
S318 9.992418531031205 41.64194203712012 835.782453058788 1699.703016784045 30.0 111792.2578125 0.0
S319 10.009110368308336 41.64151540474393 558.3790062400145 1709.3693713880393 30.0 6316.853515625 0.0
S320 10.02446825363457 41.64101508541652 303.14235394578856 1720.6125118612526 30.0 95639.765625 0.0
S321 10.014936414193679 41.64064765322506 461.5623896065606 1728.715316448646 30.0 317.80914306640625 0.0
S322 10.014929607154937 41.6403436096025 461.67887429177324 1735.4761967772747 30.0 270.8158264160156 0.0
S323 10.015922001945157 41.64020223951357 445.1869554413644 1738.6276696085465 30.0 225.53897094726562 0.0
S324 10.01211494504418 41.63979744636791 508.4645268610226 1747.597740505984 30.0 413.8843688964844 0.0
S325 10.0182697452586 41.639389497442124 406.17601697532047 1756.7182435579653 30.0 413.78167724609375 0.0
S326 10.012766926083932 41.63919967129438 497.6355413250366 1760.895843735965 30.0 976.2523803710938 1.0
S327 10.010791562390951 41.63938939695547 530.4640569667661 1756.6599228643552 30.0 84440.0078125 0.0
S328 10.014169389068494 41.63865760215262 474.3325026492965 1772.96133120823 30.0 2388.13623046875 0.0
S329 9.925329353729026 41.637788137607494 1950.9087145883987 1790.8092863505485 30.0 1139.9835205078125 0.0
S330 9.95984884006052 41.63752995304704 1377.1836234222799 1797.3085828968444 30.0 1730.9129638671875 0.0
S331 10.014981798769828 41.63747186531373 460.84309213965037 1799.3348101192264 30.0 421.52471923828125 0.0
S332 9.967259679564842 41.63689898692964 1254.0259362789127 1811.4720196926328 30.0 296.2748107910156 0.0
S333 9.978056317279181 41.636871115701375 1074.5784552163097 1812.2663354594283 30.0 8753.068359375 0.0
S334 10.019016661735064 41.63707188657906 393.7853180753158 1808.2597816783743 30.0 60485.66796875 0.0
S335 9.978568816479726 41.63660004754954 1066.0658721884395 1818.3017316444952 30.0 521.1644287109375 0.0
S336 10.027437089452862 41.63630935771916 253.83800661926787 1825.270002336506 30.0 2588.955810546875 0.0
S337 10.028751751223082 41.63543575806223 231.99369031831992 1844.7032104024615 30.0 255.57586669921875 0.0
S338 9.959667024625562 41.63528315135697 1380.2623255289354 1847.2667134680016 30.0 2168.890625 0.0
S339 9.924385036586719 41.63486356230564 1966.7043541802964 1855.8183167126385 30.0 433.53009033203125 0.0
S340 10.020741220579419 41.635122353839066 365.14054935243485 1851.6232000068237 30.0 101085.2421875 0.0
S341 10.02638533971834 41.634068749890574 271.3370998179832 1875.0877852600997 30.0 438.39251708984375 0.0
S342 10.034762573712648 41.634088119803145 132.0951443898982 1874.698996679979 30.0 26726.14453125 0.0
S343 10.011252308318008 41.63389645149415 522.8722154758377 1878.8091028415981 30.0 747.0122680664062 1.0
S344 10.026846073044645 41.63355895862918 263.68309493982173 1886.426533829524 30.0 992.9777221679688 0.0
S345 10.010401976677146 41.63325635132553 537.0138135365569 1893.0353451152537 30.0 3265.895263671875 0.0
S346 9.926274722491746 41.63273604559533 1935.3675082557324 1903.1751240512415 30.0 1823.7188720703125 0.0
S347 10.014937023732333 41.63277908707654 461.6390274305908 1903.6864912267897 30.0 323.37225341796875 0.0
S348 9.94780520694343 41.63213758126846 1577.5086446422526 1916.978886103906 30.0 214.0463104248047 0.0
S349 9.97787575076639 41.632012461151824 1077.6796544040365 1920.3041915274446 30.0 1142.39208984375 0.0
S350 10.024817172961587 41.63190182332242 297.42068728936096 1923.263795086672 30.0 1148.3291015625 0.0
S351 9.982602689852435 41.631438488466685 999.119618423816 1933.1369824924843 30.0 276.7110595703125 0.0
S352 9.980216312202586 41.63130498760038 1038.7889957374307 1936.07104963741 30.0 456.8782958984375 0.0
S353 10.04268460605622 41.631255635500096 0.4304096526438771 1937.7114031491517 30.0 553.9091186523438 2.0
S354 10.04187804678945 41.6307832364317 13.839110511068649 1948.2137969120422 30.0 4424.90673828125 0.0
S355 9.980243460670223 41.63064204559928 1038.3509753768294 1950.8131126859405 30.0 948.423095703125 0.0
S356 9.922264983473223 41.630501926955304 2002.09475629418 1952.7524106245392 30.0 510.37860107421875 0.0
S357 10.042595502041458 41.63050219106322 1.9144430887588313 1954.4653065392542 30.0 1272.6619873046875 2.0
S358 9.994113068879622 41.630617575019116 807.8059393566319 1951.5426774594484 30.0 14110.6943359375 0.0
S359 10.041752273716666 41.63029951450404 15.931735415911653 1958.9698348720594 30.0 1206.657958984375 0.0
S360 9.988319565455072 41.63028535431305 904.1135404094886 1958.8572370010713 30.0 338.90289306640625 0.0
S361 9.977227726188444 41.630295711296455 1088.4867543050543 1958.469232825447 30.0 320.1152648925781 0.0
S362 10.017278111107622 41.630220074629506 422.7526339781243 1960.6088097725458 30.0 230.71633911132812 0.0
S363 10.014921445272408 41.63001308380007 461.92848172517455 1965.1932387280356 30.0 535.8604736328125 0.0
S364 10.012984731211219 41.630033780303556 494.1212831306587 1964.717117807754 30.0 1107.68408203125 0.0
S365 9.980258005550017 41.63025454864982 1038.1169464617067 1959.4299925759078 30.0 2076.72998046875 1.0
S366 9.980428103804275 41.629922901839585 1035.2961079083611 1966.8072321198974 30.0 1076.156005859375 1.0
S367 10.042327921407054 41.62987440199579 6.364754380365746 1968.4245577579568 30.0 1041.6788330078125 2.0
S368 9.926268424676975 41.63010286176495 1935.5614837493604 1961.7283754378248 30.0 1224.060302734375 1.0
S369 9.926009381497476 41.62985517333628 1939.8758458215975 1967.2296472669161 30.0 572.0795288085938 3.0
S370 9.924471645321733 41.62979367495033 1965.4390833417108 1968.5582584546323 30.0 1069.18359375 2.0
S371 9.922656373198883 41.62980266489249 1995.613283676726 1968.3118298562686 30.0 781.7852783203125 2.0
S372 9.921474892497777 41.63255358196066 2015.1558539277978 1907.1097962612278 30.0 21907.912109375 1.0
S373 9.92265301715337 41.6316454759208 1995.6048584573232 1927.3336426116446 30.0 46780.08203125 1.0
S374 9.921299043990174 41.63188483299702 2018.1023211778327 1921.9760088209455 30.0 9710.2958984375 3.0
S375 9.924758072446165 41.63013891722061 1960.6660823463417 1960.8884799624166 30.0 28050.0859375 3.0
S376 9.921578594949489 41.631294109946445 2013.4763595755514 1935.119039374954 30.0 36231.328125 1.0
S377 9.923304779812042 41.6300197677459 1984.8275632883087 1963.5008613294399 30.0 7575.2265625 1.0
S378 9.922685136360865 41.63014968171595 1995.1230769899862 1960.596050614502 30.0 13584.435546875 1.0
S379 9.921313959270025 41.63038288872982 2017.9072518940532 1955.3747341048445 30.0 6995.4453125 3.0
S380 9.9219371679631 41.63029131883664 2007.551214851403 1957.427153956957 30.0 5892.54150390625 1.0
S381 9.921354693591223 41.62985269408653 2017.2488002605528 1967.1655936182103 30.0 5876.3076171875 3.0
